2017-05-17 à 09:52;83;3846;3251.5;1840.839;1320;480;840;0
2017-05-18 à 21:59;83;1492;1362.85;674.278;17820;540;7860;9420
2017-05-19 à 10:06;83;0.0;0;0.0;0;0;0;0
2017-05-19 à 13:36;83;1261;1155.56;924.061;0;0;0;0
2017-05-22 à 10:00;66;5413;4763.24;749.784;11700;660;7860;2220
2017-05-22 à 10:01;66;5413;4763.24;749.784;11700;660;7860;2220
2017-05-22 à 10:05;66;5413;4763.24;749.784;11700;660;7860;2220
2017-05-22 à 11:05;69;16;13.75;790.017;0;0;0;0
2017-05-22 à 11:09;69;16;9.0;790.017;0;0;0;0
2017-05-22 à 11:09;69;16;9.0;790.017;0;0;0;0
2017-05-22 à 11:11;74;16;9.0;790.017;0;0;0;0
2017-05-22 à 11:12;74;16;13.75;790.017;0;0;0;0
